17 : 293 306 307 308 309 310 311 314 315 316 317 320 321 378 380 381 429 
68 : 333 335 336 337 338 339 340 341 346 347 348 349 352 353 354 355 356 358 359 362 363 364 365 366 367 368 370 375 390 391 392 393 396 397 398 406 408 411 412 413 414 415 416 418 419 430 432 435 437 441 442 443 446 448 449 450 457 458 459 461 462 465 467 469 470 472 477 495 
38 : 100 101 102 103 104 105 108 115 116 118 124 126 184 185 186 187 188 196 199 202 217 223 238 279 285 286 289 291 292 296 299 301 373 384 400 403 425 456 
34 : 342 343 344 350 351 357 360 361 369 371 394 407 409 410 417 418 420 421 422 423 428 438 439 440 447 451 452 454 463 464 466 468 471 474 
44 : 283 284 290 294 295 302 303 304 305 312 313 318 319 320 322 323 324 325 376 377 379 382 383 384 385 386 387 388 389 395 401 402 404 405 412 426 427 431 433 434 436 444 445 475 
23 : 245 246 327 330 331 332 374 476 480 483 485 486 488 489 490 491 492 493 495 496 497 498 499 
155 : 0 1 2 14 16 22 23 24 25 26 27 28 29 30 31 32 33 35 36 38 48 51 56 61 62 63 76 80 81 87 88 89 91 93 94 95 97 98 106 107 109 110 111 112 113 114 117 119 120 121 122 123 125 131 132 133 134 135 136 137 138 139 143 144 146 147 148 149 150 151 152 153 154 155 156 158 159 160 161 162 163 164 165 166 168 169 170 171 172 173 174 175 176 178 179 180 181 182 183 189 190 191 192 193 194 195 197 198 200 201 203 204 205 206 207 208 209 210 211 212 213 214 216 218 220 222 224 225 226 227 228 229 230 231 232 233 234 235 236 237 239 240 241 242 243 244 280 287 288 292 297 298 300 399 481 
6 : 345 424 453 454 455 473 
76 : 8 9 10 11 12 13 15 17 18 19 20 21 34 37 39 40 41 42 43 44 45 46 47 49 50 52 53 54 55 57 58 59 60 64 65 66 67 68 69 70 71 72 73 75 76 77 78 79 82 83 84 85 90 92 127 128 129 130 135 140 141 142 145 157 167 177 215 221 251 257 262 263 264 265 266 269 
49 : 3 4 5 6 7 74 86 96 99 219 247 248 249 250 252 253 254 255 256 257 258 259 260 261 267 268 270 271 272 273 274 275 276 277 278 281 282 326 328 329 334 372 460 478 479 482 484 487 494 
